0 4928
1 4882
2 4866
3 4845
4 4847
5 4843
6 4849
7 4849
8 4853
9 4859
10 4856
11 4861
12 4861
13 4863
14 4870
15 4877
16 4877
17 4878
18 4883
19 4887
20 4879
21 4881
22 4882
23 4881
24 4885
25 4887
26 4896
27 4896
28 4902
29 4907
30 4903
31 4906
32 4907
33 4908
34 4912
35 4917
36 4924
37 4931
38 4936
39 4937
40 4928
41 4910
42 4866
43 4838
44 4814
45 4794
46 4769
47 4751
48 4743
49 4724
50 4711
51 4686
52 4667
53 4651
54 4630
55 4628
56 4615
57 4598
58 4578
59 4573
60 4569
61 4541
62 4524
63 4502
64 4482
65 4466
66 4465
67 4464
68 4447
69 4425
70 4413
71 4390
72 4377
73 4370
74 4365
75 4356
76 4352
77 4340
78 4324
79 4308
80 4300
81 4289
82 4275
83 4234
84 4199
85 4176
86 4125
87 4104
88 4077
89 4058
90 4034
91 4009
92 3975
93 3938
94 3903
95 3867
96 3852
97 3834
98 3812
99 3776
100 3749
101 3708
102 3685
103 3672
104 3643
105 3624
106 3613
107 3591
108 3564
109 3560
110 3533
111 3516
112 3491
113 3489
114 3486
115 3475
116 3479
117 3480
118 3474
119 3459
120 3456
121 3461
122 3467
123 3454
124 3459
125 3456
126 3463
127 3461
128 3467
129 3472
130 3466
131 3473
132 3464
133 3456
134 3463
135 3460
136 3474
137 3480
138 3488
139 3509
140 3506
141 3508
142 3498
143 3510
144 3512
145 3532
146 3555
147 3574
148 3586
149 3579
150 3588
151 3599
152 3618
153 3611
154 3614
155 3639
156 3653
157 3672
158 3681
159 3695
160 3715
161 3739
162 3757
163 3773
164 3783
165 3802
166 3819
167 3840
168 3851
169 3870
170 3893
171 3909
172 3925
173 3930
174 3937
175 3956
176 3969
177 3993
178 3995
179 4007
180 4009
181 4031
182 4058
183 4052
184 4055
185 4072
186 4062
187 4067
188 4072
189 4075
190 4072
191 4082
192 4090
193 4090
194 4100
195 4085
196 4103
197 4113
198 4112
199 4107
200 4095
201 4098
202 4086
203 4096
204 4095
205 4084
206 4082
207 4097
208 4082
209 4078
210 4083
211 4077
212 4073
213 4079
214 4083
215 4072
216 4072
217 4061
218 4059
219 4054
220 4047
221 4051
222 4054
223 4047
224 4047
225 4047
226 4055
227 4035
228 4021
229 4011
230 4022
231 4016
232 4002
233 4004
234 3997
235 3987
236 3972
237 3971
238 3972
239 3962
240 3948
241 3926
242 3907
243 3889
244 3876
245 3855
246 3835
247 3828
248 3799
249 3801
250 3793
251 3783
252 3760
253 3755
254 3720
255 3704
256 3679
257 3658
258 3638
259 3600
260 3582
261 3562
262 3557
263 3546
264 3548
265 3534
266 3512
267 3503
268 3487
269 3473
270 3461
271 3443
272 3410
273 3406
274 3376
275 3358
276 3344
277 3327
278 3286
279 3274
280 3257
281 3234
282 3204
283 3189
284 3161
285 3128
286 3120
287 3113
288 3101
289 3095
290 3074
291 3056
292 3009
293 2992
294 2999
295 2996
296 2986
297 2982
298 2975
299 2951
300 2935
301 2924
302 2899
303 2889
304 2894
305 2879
306 2847
307 2820
308 2780
309 2763
310 2763
311 2728
312 2703
313 2675
314 2670
315 2666
316 2660
317 2645
318 2654
319 2649
320 2636
321 2611
322 2597
323 2590
324 2548
325 2525
326 2522
327 2503
328 2483
329 2460
330 2424
331 2430
332 2407
333 2382
334 2382
335 2373
336 2378
337 2368
338 2339
339 2325
340 2318
341 2316
342 2312
343 2311
344 2297
345 2299
346 2314
347 2291
348 2286
349 2283
350 2251
351 2258
352 2246
353 2217
354 2208
355 2194
356 2183
357 2181
358 2195
359 2178
360 2156
361 2163
362 2175
363 2161
364 2156
365 2144
366 2157
367 2159
368 2164
369 2158
370 2171
371 2167
372 2158
373 2154
374 2165
375 2159
376 2162
377 2158
378 2139
379 2148
380 2162
381 2147
382 2142
383 2151
384 2161
385 2165
386 2166
387 2173
388 2178
389 2162
390 2166
391 2189
392 2181
393 2191
394 2199
395 2204
396 2189
397 2206
398 2203
399 2211
400 2222
401 2218
402 2227
403 2260
404 2245
405 2238
406 2241
407 2223
408 2222
409 2214
410 2218
411 2209
412 2199
413 2198
414 2189
415 2134
416 2103
417 2106
418 2084
419 2109
420 2116
421 2082
422 2081
423 2075
424 2066
425 2077
426 2075
427 2064
428 2066
429 2071
430 2059
431 2077
432 2073
433 2091
434 2097
435 2104
436 2098
437 2093
438 2089
439 2096
440 2089
441 2086
442 2094
443 2105
444 2122
445 2094
446 2099
447 2115
448 2098
449 2092
450 2111
451 2098
452 2087
453 2083
454 2093
455 2110
456 2109
457 2111
458 2098
459 2078
460 2098
461 2098
462 2097
463 2073
464 2060
465 2067
466 2063
467 2041
468 2040
469 2018
470 2006
471 2022
472 2029
473 2032
474 2069
475 2090
476 2087
477 2097
478 2101
479 2102
480 2120
481 2150
482 2146
483 2139
484 2126
485 2139
486 2130
487 2145
488 2147
489 2152
490 2145
491 2146
492 2151
493 2145
494 2148
495 2163
496 2171
497 2171
498 2168
499 2168
500 2164
501 2166
502 2159
503 2152
504 2170
505 2170
506 2170
507 2179
508 2189
509 2205
510 2232
511 2213
512 2194
513 2216
514 2226
515 2215
516 2222
517 2218
518 2229
519 2200
520 2202
521 2204
522 2217
523 2207
524 2211
525 2220
526 2229
527 2220
528 2233
529 2208
530 2203
531 2191
532 2187
533 2186
534 2176
535 2178
536 2164
537 2151
538 2154
539 2152
540 2138
541 2137
542 2128
543 2144
544 2137
545 2135
546 2137
547 2126
548 2120
549 2116
550 2121
551 2120
552 2121
553 2142
554 2148
555 2122
556 2121
557 2142
558 2101
559 2100
560 2100
561 2105
562 2112
563 2113
564 2081
565 2091
566 2095
567 2098
568 2086
569 2093
570 2079
571 2090
572 2104
573 2090
574 2083
575 2079
576 2070
577 2027
578 2026
579 2015
580 2027
581 2027
582 2047
583 2052
584 2040
585 2034
586 2050
587 2062
588 2059
589 2057
590 2053
591 2066
592 2065
593 2081
594 2077
595 2082
596 2055
597 2077
598 2080
599 2077
600 2078
601 2093
602 2100
603 2083
604 2073
605 2062
606 2078
607 2076
608 2078
609 2087
610 2082
611 2076
612 2064
613 2073
614 2084
615 2077
616 2061
617 2055
618 2042
619 2018
620 2028
621 2034
622 2062
623 2060
624 2057
625 2064
626 2075
627 2062
628 2056
629 2046
630 2059
631 2045
632 2038
633 2063
634 2079
635 2074
636 2072
637 2078
638 2082
639 2083
640 2080
641 2084
642 2082
643 2074
644 2081
645 2093
646 2086
647 2078
648 2081
649 2075
650 2078
651 2088
652 2102
653 2099
654 2091
655 2109
656 2100
657 2095
658 2103
659 2090
660 2092
661 2098
662 2092
663 2096
664 2081
665 2078
666 2111
667 2120
668 2093
669 2092
670 2091
671 2098
672 2099
673 2100
674 2099
675 2089
676 2078
677 2076
678 2063
679 2062
680 2057
681 2057
682 2033
683 2040
684 2052
685 2079
686 2100
687 2097
688 2076
689 2103
690 2099
691 2094
692 2100
693 2105
694 2098
695 2098
696 2094
697 2096
698 2115
699 2132
700 2126
701 2127
702 2139
703 2161
704 2160
705 2169
706 2146
707 2152
708 2169
709 2158
710 2158
711 2136
712 2161
713 2156
714 2148
715 2141
716 2136
717 2139
718 2130
719 2119
720 2110
721 2113
722 2121
723 2136
724 2141
725 2133
726 2127
727 2116
728 2148
729 2128
730 2116
731 2100
732 2106
733 2103
734 2103
735 2086
736 2070
737 2070
738 2060
739 2062
740 2075
741 2068
742 2062
743 2066
744 2056
745 2047
746 2054
747 2068
748 2061
749 2057
750 2067
751 2072
752 2087
753 2091
754 2073
755 2069
756 2062
757 2057
758 2059
759 2067
760 2056
761 2058
762 2060
763 2053
764 2060
765 2067
766 2066
767 2066
768 2059
769 2066
770 2061
771 2072
772 2064
773 2066
774 2074
775 2067
776 2052
777 2063
778 2041
779 2041
780 2033
781 2050
782 2033
783 2033
784 2032
785 2034
786 2035
787 2028
788 2051
789 2058
790 2051
791 2056
792 2055
793 2064
794 2054
795 2059
796 2051
797 2065
798 2067
799 2078
800 2085
801 2088
802 2096
803 2083
804 2112
805 2104
806 2111
807 2104
808 2093
809 2059
810 2063
811 2073
812 2082
813 2082
814 2084
815 2102
816 2101
817 2104
818 2103
819 2113
820 2106
821 2093
822 2092
823 2074
824 2091
825 2114
826 2103
827 2099
828 2094
829 2103
830 2098
831 2095
832 2078
833 2073
834 2082
835 2097
836 2107
837 2114
838 2104
839 2113
840 2129
841 2151
842 2148
843 2153
844 2134
845 2125
846 2127
847 2118
848 2111
849 2095
850 2097
851 2076
852 2094
853 2072
854 2064
855 2072
856 2056
857 2082
858 2102
859 2109
860 2126
861 2107
862 2118
863 2110
864 2112
865 2096
866 2090
867 2099
868 2094
869 2091
870 2098
871 2098
872 2075
873 2074
874 2059
875 2068
876 2086
877 2081
878 2079
879 2079
880 2076
881 2072
882 2075
883 2086
884 2088
885 2080
886 2104
887 2111
888 2092
889 2103
890 2116
891 2118
892 2120
893 2124
894 2101
895 2086
896 2068
897 2068
898 2071
899 2069
900 2070
901 2057
902 2049
903 2047
904 2009
905 1992
906 1951
907 1946
908 1924
909 1936
910 1936
911 1945
912 1946
913 1943
914 1931
915 1939
916 1920
917 1944
918 1963
919 1940
920 1962
921 1969
922 1989
923 2000
924 1998
925 2007
926 2013
927 2009
928 2032
929 2037
930 2045
931 2050
932 2067
933 2051
934 2051
935 2043
936 2041
937 2056
938 2071
939 2082
940 2099
941 2099
942 2085
943 2091
944 2100
945 2109
946 2093
947 2104
948 2105
949 2113
950 2096
951 2092
952 2109
953 2120
954 2115
955 2128
956 2143
957 2159
958 2141
959 2161
960 2185
961 2188
962 2196
963 2220
964 2214
965 2216
966 2208
967 2204
968 2206
969 2189
970 2185
971 2190
972 2202
973 2193
974 2171
975 2169
976 2165
977 2177
978 2187
979 2183
980 2168
981 2203
982 2207
983 2211
984 2189
985 2181
986 2175
987 2193
988 2172
989 2167
990 2169
991 2155
992 2170
993 2170
994 2173
995 2153
996 2138
997 2135
998 2120
999 2123
