0 200
1 200
2 200
3 200
4 200
5 200
6 200
7 200
8 200
9 143
10 143
11 143
12 143
13 143
14 143
15 143
16 143
17 143
18 143
19 114
20 108
21 107
22 107
23 107
24 107
25 107
26 107
27 107
28 107
29 95
30 93
31 91
32 91
33 91
34 91
35 90
36 90
37 90
38 90
39 83
40 82
41 120
42 138
43 158
44 169
45 174
46 180
47 189
48 193
49 191
50 195
51 203
52 208
53 210
54 215
55 206
56 208
57 209
58 211
59 209
60 208
61 213
62 210
63 216
64 220
65 222
66 222
67 222
68 222
69 224
70 222
71 225
72 228
73 229
74 232
75 237
76 233
77 234
78 235
79 239
80 237
81 239
82 255
83 279
84 299
85 315
86 329
87 339
88 349
89 365
90 376
91 393
92 410
93 425
94 441
95 447
96 445
97 454
98 467
99 483
100 490
101 506
102 515
103 528
104 537
105 548
106 552
107 552
108 549
109 563
110 569
111 581
112 593
113 596
114 600
115 603
116 601
117 609
118 616
119 619
120 622
121 628
122 628
123 628
124 648
125 652
126 672
127 680
128 693
129 702
130 706
131 714
132 725
133 743
134 751
135 771
136 777
137 771
138 786
139 793
140 793
141 791
142 801
143 802
144 806
145 804
146 805
147 799
148 791
149 802
150 800
151 807
152 808
153 805
154 812
155 808
156 804
157 806
158 796
159 795
160 787
161 778
162 772
163 756
164 753
165 743
166 743
167 737
168 727
169 719
170 711
171 699
172 698
173 702
174 709
175 703
176 703
177 695
178 682
179 687
180 681
181 669
182 658
183 661
184 656
185 655
186 642
187 640
188 629
189 625
190 619
191 619
192 611
193 603
194 596
195 590
196 586
197 584
198 583
199 580
200 581
201 582
202 581
203 578
204 571
205 566
206 570
207 560
208 552
209 557
210 553
211 546
212 539
213 535
214 531
215 536
216 544
217 551
218 560
219 566
220 573
221 573
222 574
223 575
224 579
225 581
226 585
227 590
228 594
229 592
230 589
231 587
232 585
233 596
234 600
235 606
236 614
237 612
238 613
239 620
240 615
241 622
242 625
243 634
244 639
245 639
246 635
247 635
248 634
249 637
250 644
251 653
252 660
253 662
254 670
255 675
256 679
257 693
258 707
259 731
260 746
261 753
262 754
263 764
264 772
265 777
266 779
267 794
268 807
269 812
270 819
271 832
272 832
273 850
274 863
275 881
276 897
277 911
278 915
279 923
280 926
281 931
282 939
283 946
284 961
285 969
286 972
287 984
288 971
289 975
290 976
291 982
292 994
293 1013
294 1025
295 1041
296 1048
297 1053
298 1059
299 1072
300 1090
301 1096
302 1109
303 1118
304 1126
305 1126
306 1131
307 1141
308 1158
309 1160
310 1173
311 1186
312 1187
313 1193
314 1214
315 1234
316 1245
317 1247
318 1251
319 1259
320 1268
321 1268
322 1264
323 1271
324 1281
325 1286
326 1303
327 1307
328 1312
329 1311
330 1322
331 1329
332 1330
333 1347
334 1362
335 1370
336 1377
337 1382
338 1390
339 1393
340 1401
341 1406
342 1413
343 1430
344 1432
345 1442
346 1451
347 1456
348 1454
349 1466
350 1472
351 1489
352 1494
353 1506
354 1522
355 1534
356 1540
357 1547
358 1542
359 1542
360 1553
361 1562
362 1574
363 1578
364 1584
365 1585
366 1580
367 1593
368 1594
369 1596
370 1603
371 1608
372 1608
373 1622
374 1610
375 1620
376 1613
377 1617
378 1622
379 1628
380 1640
381 1660
382 1649
383 1632
384 1629
385 1634
386 1641
387 1635
388 1625
389 1633
390 1636
391 1629
392 1617
393 1628
394 1636
395 1633
396 1640
397 1628
398 1621
399 1610
400 1612
401 1611
402 1613
403 1614
404 1617
405 1622
406 1622
407 1623
408 1625
409 1622
410 1619
411 1627
412 1632
413 1629
414 1625
415 1644
416 1659
417 1677
418 1687
419 1689
420 1702
421 1704
422 1694
423 1699
424 1706
425 1718
426 1720
427 1728
428 1727
429 1723
430 1735
431 1732
432 1745
433 1752
434 1755
435 1754
436 1736
437 1746
438 1740
439 1730
440 1733
441 1729
442 1735
443 1720
444 1724
445 1724
446 1725
447 1729
448 1731
449 1736
450 1727
451 1714
452 1714
453 1719
454 1714
455 1722
456 1709
457 1707
458 1718
459 1727
460 1712
461 1716
462 1707
463 1707
464 1717
465 1730
466 1744
467 1755
468 1761
469 1750
470 1751
471 1748
472 1729
473 1731
474 1713
475 1700
476 1687
477 1689
478 1692
479 1688
480 1700
481 1708
482 1699
483 1682
484 1683
485 1690
486 1687
487 1693
488 1686
489 1690
490 1688
491 1690
492 1701
493 1696
494 1691
495 1700
496 1704
497 1695
498 1693
499 1685
500 1709
501 1704
502 1695
503 1693
504 1689
505 1703
506 1710
507 1700
508 1693
509 1703
510 1699
511 1693
512 1696
513 1709
514 1706
515 1693
516 1691
517 1687
518 1689
519 1683
520 1682
521 1691
522 1687
523 1683
524 1686
525 1694
526 1697
527 1704
528 1698
529 1703
530 1691
531 1674
532 1662
533 1640
534 1629
535 1658
536 1659
537 1661
538 1660
539 1659
540 1667
541 1673
542 1668
543 1666
544 1660
545 1675
546 1668
547 1679
548 1676
549 1660
550 1658
551 1659
552 1647
553 1659
554 1665
555 1659
556 1668
557 1662
558 1673
559 1676
560 1685
561 1675
562 1668
563 1675
564 1678
565 1685
566 1693
567 1704
568 1691
569 1687
570 1688
571 1687
572 1690
573 1684
574 1686
575 1678
576 1687
577 1691
578 1695
579 1700
580 1704
581 1702
582 1704
583 1710
584 1699
585 1706
586 1718
587 1727
588 1735
589 1720
590 1710
591 1736
592 1732
593 1736
594 1739
595 1746
596 1757
597 1758
598 1757
599 1745
600 1753
601 1756
602 1748
603 1750
604 1762
605 1769
606 1769
607 1764
608 1763
609 1758
610 1775
611 1768
612 1772
613 1780
614 1793
615 1804
616 1792
617 1793
618 1790
619 1785
620 1779
621 1765
622 1763
623 1765
624 1747
625 1752
626 1746
627 1735
628 1726
629 1722
630 1712
631 1712
632 1707
633 1704
634 1707
635 1707
636 1709
637 1684
638 1698
639 1710
640 1709
641 1723
642 1728
643 1733
644 1723
645 1715
646 1718
647 1707
648 1707
649 1701
650 1708
651 1707
652 1721
653 1723
654 1721
655 1720
656 1724
657 1719
658 1727
659 1731
660 1721
661 1708
662 1724
663 1734
664 1745
665 1744
666 1741
667 1720
668 1703
669 1691
670 1703
671 1710
672 1725
673 1707
674 1715
675 1703
676 1706
677 1715
678 1732
679 1732
680 1733
681 1742
682 1742
683 1749
684 1749
685 1748
686 1736
687 1745
688 1748
689 1746
690 1753
691 1752
692 1751
693 1738
694 1751
695 1743
696 1748
697 1750
698 1767
699 1754
700 1748
701 1743
702 1726
703 1744
704 1742
705 1740
706 1723
707 1735
708 1731
709 1715
710 1708
711 1702
712 1697
713 1700
714 1702
715 1700
716 1689
717 1696
718 1687
719 1687
720 1687
721 1694
722 1702
723 1701
724 1690
725 1674
726 1672
727 1668
728 1678
729 1682
730 1683
731 1700
732 1687
733 1696
734 1693
735 1682
736 1681
737 1699
738 1724
739 1720
740 1730
741 1718
742 1709
743 1717
744 1721
745 1724
746 1725
747 1731
748 1731
749 1737
750 1722
751 1717
752 1721
753 1726
754 1730
755 1725
756 1709
757 1709
758 1730
759 1728
760 1733
761 1743
762 1750
763 1750
764 1731
765 1722
766 1720
767 1724
768 1730
769 1730
770 1740
771 1751
772 1742
773 1745
774 1743
775 1739
776 1740
777 1746
778 1749
779 1744
780 1755
781 1746
782 1752
783 1756
784 1763
785 1774
786 1765
787 1785
788 1788
789 1788
790 1789
791 1803
792 1793
793 1785
794 1791
795 1779
796 1785
797 1770
798 1779
799 1785
800 1789
801 1778
802 1777
803 1772
804 1756
805 1751
806 1753
807 1750
808 1748
809 1750
810 1748
811 1732
812 1743
813 1727
814 1727
815 1718
816 1720
817 1708
818 1711
819 1712
820 1721
821 1725
822 1723
823 1719
824 1717
825 1713
826 1716
827 1716
828 1711
829 1697
830 1684
831 1674
832 1681
833 1685
834 1687
835 1700
836 1714
837 1722
838 1723
839 1732
840 1737
841 1726
842 1743
843 1741
844 1752
845 1754
846 1747
847 1749
848 1751
849 1751
850 1745
851 1749
852 1768
853 1758
854 1760
855 1760
856 1760
857 1758
858 1753
859 1747
860 1754
861 1753
862 1727
863 1721
864 1726
865 1726
866 1721
867 1704
868 1693
869 1689
870 1694
871 1700
872 1700
873 1701
874 1712
875 1718
876 1706
877 1692
878 1706
879 1696
880 1704
881 1694
882 1701
883 1706
884 1717
885 1711
886 1714
887 1712
888 1710
889 1705
890 1704
891 1713
892 1726
893 1734
894 1744
895 1748
896 1751
897 1752
898 1751
899 1749
900 1756
901 1748
902 1748
903 1761
904 1765
905 1759
906 1763
907 1758
908 1769
909 1768
910 1774
911 1775
912 1764
913 1764
914 1766
915 1764
916 1781
917 1776
918 1786
919 1766
920 1772
921 1760
922 1762
923 1761
924 1756
925 1763
926 1770
927 1757
928 1756
929 1753
930 1749
931 1745
932 1757
933 1751
934 1747
935 1753
936 1758
937 1763
938 1755
939 1747
940 1748
941 1742
942 1740
943 1758
944 1747
945 1728
946 1731
947 1730
948 1730
949 1737
950 1738
951 1743
952 1726
953 1715
954 1712
955 1729
956 1719
957 1714
958 1717
959 1704
960 1706
961 1702
962 1690
963 1688
964 1684
965 1668
966 1670
967 1672
968 1691
969 1694
970 1695
971 1700
972 1694
973 1688
974 1681
975 1689
976 1685
977 1676
978 1684
979 1682
980 1668
981 1657
982 1654
983 1645
984 1668
985 1655
986 1665
987 1670
988 1678
989 1679
990 1690
991 1672
992 1668
993 1674
994 1668
995 1682
996 1689
997 1674
998 1680
999 1687
